Use for testing:
________________

81.0000010469
244.2124111
614.16786104
4.011111101
67.11109867
4039.0000007
998.7856400001
9904.650021124
6162.001322881
448.1101324445
81.000001918304
244.2124111
614.16786104
4.011111101
67.11109867
4039.0000007
998.7856400001
9904.650021124
448.1101324445
81.000000001
244.21241111
614.16786104
4.011111101
67.11109867
4039.0000007
998.7856400001
9904.650021124
6162.001322881
448.1101324445
81.000000000001
244.212411111
614.1678610401
4.0111111011
67.1110986701
4039.000000701
998.78564000011
9904.6500211241
6162.0013228811
448.11013244451
81.0000000000001
244.2124111111
614.16786104011
4.01111110111
67.11109867011
4039.0000007011
998.785640000111
9904.65002112411
6162.00132288111
448.110132444511
81.00000000000001
244.21241111111
614.167861040111
4.011111101111
67.111098670111
4039.00000070111
998.7856400001111
9904.650021124111
6162.001322881111
448.1101324445111
